[39m [38;2;0;0;0m  [38;2;114;89;94m2[38;2;135;92;98m@[38;2;250;246;240m@[38;2;253;252;248m@[38;2;253;254;249m@@[38;2;253;250;249m@[38;2;250;248;249m@[38;2;246;245;238m@[38;2;183;152;147m@[38;2;120;72;76m@[38;2;114;90;93my                                   [39m
 [38;2;0;0;0m  [38;2;111;72;68mP[38;2;196;172;168m$[38;2;249;248;245m@[38;2;251;250;246m@[38;2;252;252;249m@@[38;2;250;252;248m@[38;2;250;252;247m@[38;2;248;250;244m@[38;2;244;250;239m@[38;2;239;234;222m@[38;2;169;143;142m@[38;2;159;141;141mg [38;2;91;87;85m                                 [39m
 [38;2;0;0;0m [38;2;95;82;86m4[38;2;75;21;17m:[38;2;237;223;214m@[38;2;249;249;246m@[38;2;250;251;242m@[38;2;248;252;238m@@[38;2;252;249;233m@[38;2;252;248;232m@@[38;2;249;249;234m@[38;2;248;249;236m@[38;2;250;246;236m@[38;2;213;197;192m@[38;2;173;149;153m$[38;2;152;143;145m,                                [39m
 [38;2;0;0;0m [38;2;115;93;95m$[38;2;134;93;83my[38;2;246;240;220m@[38;2;249;245;222m@[38;2;252;243;221m@[38;2;250;244;223m@[38;2;249;242;221m@[38;2;250;241;217m@[38;2;249;239;215m@[38;2;250;238;212m@[38;2;252;240;215m@[38;2;253;242;221m@[38;2;251;246;229m@[38;2;248;245;233m@[38;2;205;188;181m@[38;2;158;133;135m@[38;2;161;154;152m_                               [39m
 [38;2;0;0;0m [38;2;107;75;75mE[38;2;141;100;87m$[38;2;249;237;211m@[38;2;249;238;207m@[38;2;252;236;203m@[38;2;252;237;201m@[38;2;251;235;199m@[38;2;252;236;196m@[38;2;251;235;195m@[38;2;252;235;195m@[38;2;252;234;195m@[38;2;252;234;197m@[38;2;252;236;201m@[38;2;248;241;208m@[38;2;250;238;214m@[38;2;182;152;140m@[38;2;141;117;114m$  [38;2;113;97;98my[38;2;126;86;91mR[38;2;108;66;72m>[38;2;119;92;91my                         [39m
 [38;2;0;0;0m [38;2;112;74;74m$[38;2;174;134;116m$[38;2;251;232;200m@[38;2;250;235;197m@[38;2;252;234;195m@[38;2;250;234;198m@@[38;2;252;234;196m@@[38;2;253;233;196m@[38;2;254;233;196m@[38;2;253;234;195m@[38;2;253;233;194m@[38;2;253;234;197m@[38;2;253;236;202m@[38;2;250;231;205m@[38;2;202;174;157m@[38;2;125;88;89m$[38;2;146;120;119my[38;2;119;81;78m@[38;2;128;59;53m@[38;2;157;66;67m@[38;2;129;51;51m$[38;2;131;101;95m$                        [39m
 [38;2;0;0;0m [38;2;138;103;106m[[38;2;159;117;102m$[38;2;252;228;198m@[38;2;253;234;190m@[38;2;253;233;194m@[38;2;253;234;194m@@[38;2;252;234;196m@@[38;2;253;233;196m@[38;2;254;233;196m@[38;2;253;233;196m@[38;2;252;234;196m@[38;2;251;233;195m@[38;2;248;232;197m@[38;2;249;232;198m@[38;2;251;235;201m@[38;2;184;153;134m@[38;2;114;59;61m@[38;2;223;205;201m@[38;2;241;233;224m@[38;2;204;182;174m$[38;2;159;114;108m@[38;2;104;53;52mW            [38;2;149;121;121ma[38;2;133;92;94mR[38;2;121;89;89mg         [39m
 [38;2;0;0;0m [38;2;119;91;94m$[38;2;153;104;91m4[38;2;249;221;194m@[38;2;254;234;192m@[38;2;253;231;191m@[38;2;249;227;191m@[38;2;254;232;195m@[38;2;254;233;196m@@@@[38;2;253;233;196m@[38;2;252;234;196m@@[38;2;250;235;195m@[38;2;248;232;196m@[38;2;235;208;180m@[38;2;137;97;80m~[38;2;199;178;168m@[38;2;249;250;240m@[38;2;250;249;237m@[38;2;246;249;230m@[38;2;159;127;117m@[38;2;117;69;71my           [38;2;139;113;113m$[38;2;154;100;93m@[38;2;182;113;105m@[38;2;154;86;80m@[38;2;130;93;88m$        [39m
 [38;2;0;0;0m [38;2;97;77;80m4[38;2;98;45;42m"[38;2;225;180;164m@[38;2;253;225;196m@[38;2;252;229;191m@[38;2;244;220;184m@[38;2;250;226;190m@[38;2;254;232;195m@[38;2;254;233;196m@@@[38;2;253;234;195m@[38;2;252;235;192m@@[38;2;249;236;193m@[38;2;247;224;191m@[38;2;139;98;80mM[38;2;197;178;167mg[38;2;245;249;231m@[38;2;251;251;241m@[38;2;250;251;240m@[38;2;244;237;224m@[38;2;109;66;62m~[38;2;127;91;91m$          [38;2;147;122;121m@[38;2;168;147;139m@[38;2;219;202;192m@[38;2;174;134;127m@[38;2;138;78;74m@[38;2;106;53;50mR[38;2;143;126;125ms       [39m
 [38;2;0;0;0m  [38;2;122;84;83mw[38;2;179;121;117m$[38;2;235;190;175m@[38;2;241;203;185m@[38;2;236;202;179m@[38;2;238;216;185m@[38;2;252;232;195m@[38;2;254;233;196m@@@[38;2;253;233;196m@[38;2;254;233;196m@[38;2;249;234;195m@[38;2;248;229;193m@[38;2;152;111;93mE[38;2;183;153;145mg[38;2;245;246;234m@[38;2;250;252;238m@[38;2;251;253;239m@[38;2;248;250;236m@[38;2;192;170;157m@[38;2;116;82;81mg[38;2;137;125;123m'         [38;2;136;114;109mK[38;2;175;147;143my[38;2;245;239;229m@[38;2;251;251;236m@[38;2;252;251;236m@[38;2;250;245;229m@[38;2;121;79;70mF[38;2;116;94;94m$       [39m
 [38;2;0;0;0m  [38;2;104;88;84m7[38;2;119;54;60mJ[38;2;227;165;163m@[38;2;231;175;174m@[38;2;234;179;176m@[38;2;235;191;177m@[38;2;239;210;180m@[38;2;252;229;192m@[38;2;252;234;193m@@[38;2;253;233;194m@[38;2;254;233;193m@[38;2;251;232;197m@[38;2;177;140;122m@[38;2;146;106;101mg[38;2;245;237;226m@[38;2;247;251;238m@[38;2;251;250;238m@[38;2;247;250;236m@[38;2;243;239;224m@[38;2;106;71;60mF[38;2;120;103;101m$         [38;2;132;104;107mz[38;2;131;102;98mg[38;2;237;228;216m@[38;2;251;251;240m@[38;2;252;253;238m@[38;2;253;251;236m@[38;2;249;244;226m@[38;2;110;66;60mF[38;2;135;111;111mF       [39m
 [38;2;0;0;0m   [38;2;130;107;106m%[38;2;144;84;83mR[38;2;233;172;171m@[38;2;230;175;173m@[38;2;231;174;171m@[38;2;238;186;182m@[38;2;235;195;179m@[38;2;249;225;191m@[38;2;252;231;192m@[38;2;253;231;194m@[38;2;253;231;191m@[38;2;223;189;160m@[38;2;101;56;45m~[38;2;186;157;152m@[38;2;225;215;207m@[38;2;238;232;220m@[38;2;232;232;216m@[38;2;217;221;202m@[38;2;180;153;142m@[38;2;80;21;18m`[38;2;135;117;118mL        [38;2;124;101;103ma[38;2;120;86;83mg[38;2;238;225;214m@[38;2;250;252;237m@[38;2;251;252;237m@[38;2;248;253;235m@[38;2;247;250;232m@[38;2;216;193;183m@[38;2;124;79;78mW        [39m
 [38;2;0;0;0m    [38;2;101;70;75m$[38;2;165;100;100m5[38;2;231;174;172m@[38;2;235;171;178m@[38;2;232;174;175m@[38;2;226;179;171m@[38;2;231;194;179m@[38;2;241;209;188m@[38;2;235;210;181m@[38;2;244;220;189m@[38;2;123;83;62mF[38;2;199;165;155m@[38;2;243;219;208m@[38;2;219;191;182m@[38;2;200;173;161m$[38;2;205;170;158mg[38;2;163;108;102mZ[38;2;119;60;59m~[38;2;172;107;108mg[38;2;122;97;99m$       [38;2;109;94;92my[38;2;143;95;97my[38;2;226;215;204m@[38;2;246;250;233m@[38;2;249;251;234m@[38;2;251;252;236m@[38;2;247;252;234m@[38;2;246;243;224m@[38;2;125;80;77mF[38;2;141;111;112mz        [39m
 [38;2;0;0;0m     [38;2;131;111;111ma[38;2;144;90;92mM[38;2;229;161;164m@[38;2;207;147;144m@[38;2;179;116;116m@[38;2;189;128;125mF[38;2;214;168;159m~[38;2;110;42;50mZ[38;2;122;51;59mZ[38;2;131;62;68mJ[38;2;163;120;116m5[38;2;178;141;133mM[38;2;190;153;144mF[38;2;187;150;140mF[38;2;190;142;134mF[38;2;162;88;87mF[38;2;117;53;45m=[38;2;195;127;129m@[38;2;134;102;103m@[38;2;159;144;139m_  [38;2;141;135;131m_   [38;2;125;82;87mE[38;2;175;148;143m@[38;2;212;202;189m@[38;2;240;234;220m@[38;2;226;222;207m@[38;2;245;238;224m@[38;2;253;245;233m@[38;2;164;131;119m@[38;2;87;15;19m'[38;2;137;117;117mF        [39m
 [38;2;0;0;0m     [38;2;129;114;111mx[38;2;138;93;97mE[38;2;139;43;72mg[38;2;140;47;79m@[38;2;145;50;91m@[38;2;144;53;90m@[38;2;148;53;93m@[38;2;151;51;94m@[38;2;149;51;93m@[38;2;149;52;93m@[38;2;124;37;61m@[38;2;114;31;47md[38;2;147;52;91m@[38;2;147;52;92m@[38;2;146;52;91m@[38;2;148;52;91m@[38;2;140;52;84m@[38;2;136;55;84m$[38;2;136;60;84m@[38;2;130;56;72m@[38;2;134;73;78m@[38;2;126;63;74m@[38;2;138;73;88m@[38;2;133;68;83m@[38;2;132;67;81m@[38;2;136;79;85m@[38;2;122;69;68m@[38;2;230;198;185m@[38;2;214;192;177m@[38;2;211;185;172mg[38;2;184;151;141mZ[38;2;161;134;123mB[38;2;163;121;119mR[38;2;82;17;17m:[38;2;128;88;91m2         [39m
 [38;2;0;0;0m     [38;2;142;116;115m1[38;2;119;33;52m4[38;2;156;48;86m@[38;2;150;52;90m@[38;2;149;52;90m@[38;2;150;53;90m@[38;2;150;53;91m@[38;2;151;54;91m@[38;2;151;50;91m@[38;2;150;49;94m@[38;2;139;49;75m@[38;2;112;25;43m4[38;2;148;50;91m@[38;2;150;51;92m@[38;2;151;53;90m@[38;2;151;53;91m@[38;2;149;52;90m@[38;2;148;52;92m@[38;2;149;52;93m@[38;2;152;60;94m@[38;2;115;37;51m@[38;2;144;59;89m@[38;2;156;66;104m@[38;2;162;69;108m@[38;2;159;67;105m@[38;2;154;62;98m@[38;2;147;48;86m@[38;2;129;42;65mg[38;2;135;85;82m7[38;2;134;74;76mZ[38;2;185;141;135m7[38;2;177;123;114mP[38;2;106;34;32m^[38;2;108;62;58my[38;2;105;94;91mF         [39m
 [38;2;0;0;0m      [38;2;107;79;76m%[38;2;116;33;52mM[38;2;147;52;85m@[38;2;141;47;80m@[38;2;137;47;79m@[38;2;140;48;81mR[38;2;131;41;68m@[38;2;134;45;72m#[38;2;133;44;70m#[38;2;128;43;64m#[38;2;119;35;55mH[38;2;133;46;74m#[38;2;135;44;74mA[38;2;138;44;75mR[38;2;140;47;79mR[38;2;138;43;76m@[38;2;142;48;80m@[38;2;145;50;82m@[38;2;143;51;79m@[38;2;124;40;63mg[38;2;148;55;92m@[38;2;153;52;95m@[38;2;155;51;94m@[38;2;154;50;90m@[38;2;153;48;89m@[38;2;145;51;90m@[38;2;120;31;56m~[38;2;137;43;72mg[38;2;146;53;94m@[38;2;145;53;91m@[38;2;145;48;84m@[38;2;139;44;77mg[38;2;116;38;58my[38;2;110;83;82m?[38;2;129;113;107mx        [39m
 [38;2;0;0;0m       [38;2;148;119;115m=[38;2;119;78;77m_[38;2;127;105;40mg[38;2;128;127;42m$[38;2;128;126;45m@[38;2;128;130;47m@[38;2;130;134;49m@[38;2;130;133;53m@[38;2;130;134;54m@[38;2;129;133;53m@[38;2;127;131;51m$[38;2;130;124;48m$[38;2;129;121;46m$[38;2;127;117;46m$[38;2;139;132;55mg[38;2;128;120;46mg[38;2;121;113;38mg[38;2;127;118;46my[38;2;123;105;43my[38;2;111;89;34my[38;2;135;123;54m_[38;2;121;39;51mT[38;2;126;35;60mF[38;2;129;39;69m#[38;2;123;35;53mK[38;2;128;31;57mg[38;2;150;50;89m@[38;2;150;52;92m@[38;2;148;51;92m@[38;2;151;49;92m@[38;2;145;45;87m@[38;2;129;39;77m@[38;2;118;30;65m@[38;2;102;25;36m:[38;2;129;99;102m$       [39m
 [38;2;0;0;0m        [38;2;125;101;101m$[38;2;114;98;38m4[38;2;138;148;53m@[38;2;138;149;53m@[38;2;134;152;50m@[38;2;133;152;51m@@[38;2;133;153;50m@@[38;2;136;152;50m@[38;2;134;152;50m@@@[38;2;134;152;51m@[38;2;136;151;51m@@[38;2;133;153;47m@[38;2;132;152;46m@[38;2;131;152;45m@[38;2;135;150;46m@[38;2;140;148;49m@[38;2;138;145;51m@[38;2;125;132;48m@[38;2;127;134;49mg[38;2;129;112;54my[38;2;110;32;44m7[38;2;125;40;63m5[38;2;132;39;79m@[38;2;116;32;78m@[38;2;110;33;70m@[38;2;106;34;59m@[38;2;101;30;61m~[38;2;139;109;112m=        [39m
 [38;2;0;0;0m        [38;2;121;98;99m4[38;2;77;44;1m`[38;2;136;142;59m@[38;2;136;151;49m@[38;2;135;152;47m@@@[38;2;135;152;48m@@@@@@@[38;2;134;152;47m@@[38;2;135;152;48m@[38;2;135;152;49m@[38;2;136;152;49m@[38;2;135;152;48m@[38;2;134;153;49m@[38;2;135;152;48m@[38;2;136;149;51m@[38;2;138;150;50m@[38;2;124;131;45m@[38;2;109;110;39m@[38;2;99;99;32mg[38;2;96;83;32my[38;2;107;67;35m_[38;2;107;31;48mT[38;2;122;85;90mg[38;2;140;114;118mF         [39m
 [38;2;0;0;0m         [38;2;122;72;75mL[38;2;126;121;54m$[38;2;135;152;46m@[38;2;135;152;49m@[38;2;135;152;50m@@@@@@@@@@@[38;2;135;151;50m@[38;2;136;152;50m@[38;2;135;152;48m@[38;2;133;153;47m@[38;2;133;152;48m@[38;2;135;145;48m@[38;2;118;126;42m@[38;2;99;106;32m@[38;2;98;102;37m@[38;2;101;99;42m@[38;2;94;104;35m@[38;2;98;99;38m@[38;2;94;60;26m^[38;2;130;100;95mF           [39m
 [38;2;0;0;0m       [38;2;139;125;125m_[38;2;225;200;197m_[38;2;146;108;109m$[38;2;127;113;53m4[38;2;142;142;56m@[38;2;139;141;53m@[38;2;140;142;57m@[38;2;132;135;51m@[38;2;131;136;50m@[38;2;137;142;55m@[38;2;140;146;58m@[38;2;141;147;58m@[38;2;138;145;56m@[38;2;136;143;54m@[38;2;137;143;56m@[38;2;140;145;59m@[38;2;124;130;46m@[38;2;133;130;53mR[38;2;135;129;54mR[38;2;133;126;51mR[38;2;122;114;47mM[38;2;108;94;43mM[38;2;95;79;37mF[38;2;99;82;35mF[38;2;103;80;35m#[38;2;97;73;34m#[38;2;97;84;40mF[38;2;105;71;35m#[38;2;95;57;28m^[38;2;145;101;106m#[38;2;155;136;138ma[38;2;176;163;169m@[38;2;177;157;172mm[38;2;197;185;192mg        [39m
[38;2;132;118;123m_[38;2;135;122;126m_ [38;2;146;152;153mT[38;2;149;155;159mT[38;2;151;155;162mT[38;2;151;150;157mF[38;2;135;126;130mF[38;2;132;119;120mr[38;2;203;190;191m=[38;2;168;152;153m#[38;2;175;160;165m#[38;2;225;214;224m=[38;2;226;217;227m=[38;2;225;216;225m=[38;2;227;215;229m=[38;2;198;182;197m=[38;2;177;162;172m=[38;2;156;139;147mr[38;2;146;132;140m=[38;2;225;206;215m=[38;2;233;216;226m=[38;2;227;216;228m=[38;2;216;206;218m=[38;2;227;217;230m=[38;2;215;209;216m=[38;2;147;133;136mF[38;2;126;109;108mT[38;2;187;171;173m~[38;2;214;203;205m~[38;2;212;204;205m~[38;2;150;143;143mT[38;2;144;129;131mT[38;2;160;145;147mT[38;2;205;182;183m~[38;2;178;159;160m~[38;2;176;158;158m~[38;2;164;141;142m~[38;2;163;131;137m^[38;2;147;121;123m^[38;2;114;82;89m~[38;2;165;144;151m~[38;2;121;114;117mF  [38;2;129;127;128m_[38;2;152;151;152m_[38;2;160;160;160m_  [39m
[38;2;153;143;146mr[38;2;146;136;139mr[38;2;117;105;109mF[38;2;147;147;147mY [38;2;100;98;99my[38;2;97;95;95mw                                  [38;2;120;120;120mw[38;2;105;105;105my[38;2;205;206;206m_ [38;2;165;163;164m`[38;2;157;157;157m~[38;2;156;156;156m~  [39m
 [38;2;0;0;0m           [38;2;116;116;116m_[38;2;184;183;183m_[38;2;148;147;148m_                                   [39m
