[?25l[39m [38;2;0;0;0m   [38;2;113;92;97mg[38;2;101;48;60m#[38;2;217;195;193m@[38;2;250;249;243m@[38;2;252;253;249m@[38;2;253;254;249m@@@[38;2;253;250;250m@[38;2;250;249;251m@[38;2;246;248;241m@[38;2;226;212;208m@[38;2;155;113;110mg[38;2;113;62;67m@[38;2;141;115;118mg                                              [39m
 [38;2;0;0;0m   [38;2;133;98;96mP[38;2;118;71;72md[38;2;247;235;230m@[38;2;250;248;245m@[38;2;253;250;247m@[38;2;253;253;250m@@@[38;2;250;252;250m@[38;2;248;251;250m@[38;2;247;251;245m@[38;2;249;251;241m@[38;2;247;246;230m@[38;2;205;187;175m@[38;2;137;103;103m@[38;2;145;120;124mg[38;2;118;110;111m_                                            [39m
 [38;2;0;0;0m  [38;2;113;100;104md[38;2;93;48;44m~[38;2;156;128;122m$[38;2;251;247;240m@[38;2;247;250;248m@[38;2;250;251;246m@[38;2;251;252;245m@@@[38;2;252;252;242m@@[38;2;251;250;240m@[38;2;251;250;239m@[38;2;244;250;237m@[38;2;249;250;238m@[38;2;242;232;225m@[38;2;199;174;171m@[38;2;179;161;157m@[38;2;126;118;118my                                           [39m
 [38;2;0;0;0m  [38;2;120;102;106m$[38;2;75;21;14m`[38;2;212;191;181m@[38;2;251;246;237m@[38;2;250;249;245m@[38;2;251;250;239m@[38;2;249;251;236m@[38;2;249;251;235m@@[38;2;252;246;229m@@[38;2;251;246;228m@[38;2;251;247;229m@[38;2;250;248;233m@[38;2;248;248;235m@[38;2;248;249;235m@[38;2;248;244;234m@[38;2;213;193;191m@[38;2;179;151;154m@[38;2;142;128;131my                                          [39m
 [38;2;0;0;0m  [38;2;130;93;95m$[38;2;106;60;52mu[38;2;241;225;207m@[38;2;246;246;224m@[38;2;250;244;221m@[38;2;252;243;221m@[38;2;250;244;223m@[38;2;250;243;222m@[38;2;249;243;221m@[38;2;250;240;216m@[38;2;249;239;215m@[38;2;248;238;213m@[38;2;252;238;212m@[38;2;252;240;216m@[38;2;253;242;221m@[38;2;253;245;227m@[38;2;250;247;232m@[38;2;246;244;232m@[38;2;200;182;174m@[38;2;151;121;124m@[38;2;136;125;125my                                         [39m
 [38;2;0;0;0m  [38;2;115;72;74mF[38;2;136;93;80md[38;2;247;236;209m@[38;2;246;242;212m@[38;2;249;240;209m@[38;2;251;237;205m@[38;2;252;238;202m@@@[38;2;251;238;198m@[38;2;250;236;196m@[38;2;251;237;197m@[38;2;252;236;195m@[38;2;250;234;196m@[38;2;251;235;199m@[38;2;251;238;204m@[38;2;248;240;210m@[38;2;247;244;217m@[38;2;250;237;217m@[38;2;186;150;143m@[38;2;137;111;106m@[38;2;170;148;148m_   [38;2;131;111;114my[38;2;118;84;91mt[38;2;135;116;122m*[38;2;124;106;108my                                 [39m
 [38;2;0;0;0m  [38;2;99;50;48mF[38;2;142;94;81m$[38;2;253;230;208m@[38;2;251;236;204m@[38;2;252;235;201m@[38;2;254;235;199m@[38;2;252;236;200m@[38;2;250;234;198m@@[38;2;252;234;196m@@@[38;2;254;233;196m@@[38;2;254;233;195m@[38;2;253;233;192m@[38;2;254;234;197m@[38;2;250;237;200m@[38;2;253;239;208m@[38;2;250;229;207m@[38;2;174;146;131m@[38;2;131;100;93m@[38;2;145;122;125my [38;2;126;104;105my[38;2;123;70;72m@[38;2;140;54;57mg[38;2;144;52;59m$[38;2;121;38;42my[38;2;138;101;98m@[38;2;162;146;142m,                               [39m
 [38;2;0;0;0m  [38;2;98;49;50mL[38;2;147;100;84m$[38;2;252;230;199m@[38;2;249;234;195m@[38;2;250;235;191m@[38;2;250;234;194m@[38;2;250;234;197m@@@[38;2;252;234;196m@@@[38;2;254;233;196m@@@[38;2;252;234;195m@[38;2;252;233;196m@[38;2;251;233;195m@[38;2;251;235;196m@[38;2;250;233;201m@[38;2;251;232;206m@[38;2;224;193;175m@[38;2;107;66;62m@[38;2;156;122;122m@[38;2;103;63;59m9[38;2;156;115;105m@[38;2;114;64;52m@[38;2;135;60;56m@[38;2;145;63;63m@[38;2;111;46;41mK[38;2;136;106;103m5                [38;2;164;150;154m_[38;2;167;150;152m_             [39m
 [38;2;0;0;0m  [38;2;101;54;58mF[38;2;171;128;113m4[38;2;252;224;199m@[38;2;253;232;194m@[38;2;254;234;190m@[38;2;253;233;193m@@@[38;2;253;233;194m@[38;2;252;234;196m@@@[38;2;254;233;196m@@@[38;2;252;234;196m@@[38;2;251;233;195m@[38;2;248;233;197m@[38;2;248;232;198m@[38;2;250;235;200m@[38;2;251;233;201m@[38;2;168;130;114m@[38;2;110;56;54m@[38;2;202;173;173m@[38;2;251;247;239m@[38;2;251;244;236m@[38;2;232;220;210m@[38;2;213;185;175m$[38;2;114;60;55mP[38;2;142;102;105m4               [38;2;167;147;145ma[38;2;134;92;94m@[38;2;113;53;52mj[38;2;135;96;95m$[38;2;118;105;106my           [39m
 [38;2;0;0;0m  [38;2;132;86;89mK[38;2;124;72;60m4[38;2;244;212;189m@[38;2;253;230;195m@[38;2;254;235;191m@[38;2;253;231;190m@[38;2;250;229;192m@[38;2;253;232;195m@[38;2;253;233;196m@[38;2;254;233;196m@@@@@@[38;2;252;234;196m@@@[38;2;250;235;195m@[38;2;248;232;196m@[38;2;247;230;197m@[38;2;201;166;142m@[38;2;107;63;49m~[38;2;172;145;135m@[38;2;249;248;237m@[38;2;250;247;240m@[38;2;248;250;234m@[38;2;246;250;230m@[38;2;219;200;186m@[38;2;78;19;15m:[38;2;122;80;83m$              [38;2;174;153;154ma[38;2;136;92;87m@[38;2;171;114;105m@[38;2;182;112;103m@[38;2;149;80;74m@[38;2;119;72;69mB[38;2;141;122;116my          [39m
 [38;2;0;0;0m  [38;2;148;120;125m$[38;2;82;21;16m`[38;2;215;166;151m@[38;2;251;221;193m@[38;2;252;230;193m@[38;2;253;230;190m@[38;2;243;219;183m@[38;2;244;220;184m@[38;2;254;231;195m@[38;2;254;232;195m@[38;2;254;233;196m@@@@@[38;2;252;235;193m@@[38;2;251;235;193m@[38;2;249;236;193m@[38;2;248;231;195m@[38;2;235;205;178m@[38;2;119;70;55m^[38;2;158;125;120mg[38;2;244;240;225m@[38;2;251;251;237m@[38;2;253;249;243m@[38;2;249;251;238m@[38;2;248;248;232m@[38;2;144;112;104mB[38;2;85;15;17m:[38;2;141;115;116m$             [38;2;177;153;152ma[38;2;128;98;95m@[38;2;192;156;151m@[38;2;163;113;109m@[38;2;150;81;81m@[38;2;156;79;79m@[38;2;129;62;61m@[38;2;116;78;74m@ [38;2;100;93;91m         [39m
 [38;2;0;0;0m  [38;2;115;97;99m4[38;2;91;30;35m;[38;2;168;107;106m$[38;2;236;191;173m@[38;2;253;224;197m@[38;2;248;222;190m@[38;2;243;218;184m@[38;2;238;215;180m@[38;2;251;231;194m@[38;2;254;233;196m@@@@@@[38;2;252;234;193m@@[38;2;250;235;193m@[38;2;248;237;193m@[38;2;244;217;186m@[38;2;162;122;100m~[38;2;143;112;98mg[38;2;241;235;221m@[38;2;245;252;234m@[38;2;245;253;237m@[38;2;252;252;243m@[38;2;248;251;237m@[38;2;241;229;216m@[38;2;104;59;55m~[38;2;132;92;93mg [38;2;107;95;94m            [38;2;144;119;116ma[38;2;113;71;71m@[38;2;196;176;167m@[38;2;244;247;232m@[38;2;245;251;234m@[38;2;239;235;220m@[38;2;210;191;178m@[38;2;148;107;99m@[38;2;81;39;38m'[38;2;154;137;137mF         [39m
 [38;2;0;0;0m   [38;2;130;96;94m$[38;2;117;58;58m4[38;2;227;166;160m@[38;2;234;187;177m@[38;2;238;193;182m@[38;2;235;193;177m@[38;2;242;209;187m@[38;2;242;217;189m@[38;2;253;232;195m@[38;2;254;232;195m@[38;2;254;233;196m@@@@[38;2;253;233;196m@@[38;2;246;233;194m@[38;2;249;224;193m@[38;2;136;90;74mE[38;2;120;83;75mg[38;2;235;221;211m@[38;2;248;250;240m@[38;2;249;251;237m@[38;2;251;253;239m@[38;2;249;251;237m@[38;2;248;248;233m@[38;2;170;141;129m@[38;2;104;58;55m_[38;2;114;96;96m~            [38;2;147;129;126mz[38;2;95;56;51m^[38;2;168;138;134m@[38;2;250;244;235m@[38;2;250;250;235m@[38;2;252;252;236m@[38;2;253;251;238m@[38;2;248;248;231m@[38;2;175;141;128m@[38;2;76;19;20m: [38;2;100;89;89m         [39m
 [38;2;0;0;0m   [38;2;110;99;95m~[38;2;105;60;63m_[38;2;167;95;100m@[38;2;230;172;168m@[38;2;231;174;175m@[38;2;231;174;174m@[38;2;234;184;176m@[38;2;237;195;179m@[38;2;241;213;181m@[38;2;253;229;193m@[38;2;253;232;193m@[38;2;250;235;192m@[38;2;253;234;192m@[38;2;254;233;193m@[38;2;253;234;194m@[38;2;254;233;193m@[38;2;250;230;198m@[38;2;175;135;117mE[38;2;109;69;63m_[38;2;222;201;193m@[38;2;247;248;234m@[38;2;247;251;237m@[38;2;252;251;238m@[38;2;249;250;238m@[38;2;247;249;234m@[38;2;236;228;212m@[38;2;96;53;45m^[38;2;134;98;96m$            [38;2;136;113;116my[38;2;123;90;93m~[38;2;186;163;155mg[38;2;248;242;228m@[38;2;250;250;240m@[38;2;252;252;240m@[38;2;252;253;238m@[38;2;253;251;236m@[38;2;248;247;228m@[38;2;158;121;113m@[38;2;119;78;78mg [38;2;90;79;79m         [39m
 [38;2;0;0;0m    [38;2;143;123;123m%[38;2;105;36;37m"[38;2;207;141;138m@[38;2;232;173;171m@[38;2;229;175;172m@[38;2;230;174;172m@[38;2;232;175;173m@[38;2;241;190;185m@[38;2;231;190;174m@[38;2;250;222;193m@[38;2;249;232;191m@[38;2;252;233;193m@[38;2;253;231;193m@@[38;2;252;231;191m@[38;2;215;171;149m@[38;2;77;21;10m:[38;2;187;156;149m@[38;2;239;227;221m@[38;2;242;236;225m@[38;2;235;227;215m@[38;2;227;224;209m@[38;2;246;248;231m@[38;2;248;245;226m@[38;2;155;117;108m$[38;2;78;20;14m'[38;2;149;126;126m$           [38;2;154;132;133my[38;2;131;103;102m~[38;2;182;154;149mg[38;2;249;241;230m@[38;2;248;252;237m@[38;2;250;253;237m@[38;2;249;253;234m@[38;2;248;253;234m@[38;2;248;251;233m@[38;2;246;233;219m@[38;2;119;68;66m~[38;2;150;122;120m$          [39m
 [38;2;0;0;0m     [38;2;129;114;111m%[38;2;133;64;71m"[38;2;214;150;150m@[38;2;232;175;172m@[38;2;232;173;174m@[38;2;234;172;177m@[38;2;231;176;176m@[38;2;232;186;178m@[38;2;234;198;180m@[38;2;245;217;190m@[38;2;248;221;189m@[38;2;250;226;190m@[38;2;251;229;191m@[38;2;239;215;177m@[38;2;136;87;64m~[38;2;185;143;134mg[38;2;211;178;170mg[38;2;150;109;110m@[38;2;165;127;127mZ[38;2;143;107;104mB[38;2;170;140;135mM[38;2;169;135;131m#[38;2;185;148;141mR[38;2;96;51;45m~[38;2;137;64;66my[38;2;148;118;121m4          [38;2;121;104;105my[38;2;127;93;100mF[38;2;169;135;133mg[38;2;245;237;225m@[38;2;249;252;235m@[38;2;250;253;236m@[38;2;253;252;237m@[38;2;251;252;236m@[38;2;245;253;234m@[38;2;250;247;230m@[38;2;164;125;121m@[38;2;83;13;19m:[38;2;162;146;143m[          [39m
 [38;2;0;0;0m      [38;2;139;112;117m%[38;2;132;64;65m~[38;2;207;145;146m@[38;2;231;173;175m@[38;2;234;172;177m@[38;2;230;176;171m@[38;2;227;176;169m@[38;2;234;185;178m@[38;2;236;192;182m@[38;2;231;194;178m@[38;2;213;183;162m@[38;2;233;209;185m@[38;2;151;103;89mE[38;2;161;123;111mg[38;2;242;220;207m@[38;2;246;234;218m@[38;2;246;233;217m@[38;2;246;235;215m@[38;2;246;230;212m@[38;2;251;223;208m@[38;2;234;175;168m@[38;2;126;63;55mF[38;2;82;20;10m'[38;2;205;137;138m@[38;2;97;53;55mW[38;2;132;123;122mL         [38;2;135;108;107mE[38;2;177;138;136mg[38;2;244;238;224m@[38;2;247;248;232m@[38;2;248;249;233m@[38;2;248;250;233m@[38;2;251;253;236m@[38;2;250;251;235m@[38;2;250;249;232m@[38;2;219;205;187m@[38;2;102;49;47m~[38;2;124;82;86my           [39m
 [38;2;0;0;0m       [38;2;131;106;107m?[38;2;126;91;89my[38;2;175;109;113m@[38;2;210;140;141m@[38;2;177;112;111m@[38;2;191;128;128mF[38;2;167;101;101mT[38;2;120;58;56m~[38;2;119;32;52my[38;2;121;30;54mg[38;2;126;34;60mg[38;2;133;37;66my[38;2;127;37;62my[38;2;137;89;86mT[38;2;154;108;104mT[38;2;208;173;165m~[38;2;199;160;151m~[38;2;208;171;161m~[38;2;209;163;155m~[38;2;153;79;78mT[38;2;90;15;14m:[38;2;134;69;63m4[38;2;187;118;120mR[38;2;133;83;86mW[38;2;226;201;198mL[38;2;168;152;148m_ [38;2;154;143;139m_[38;2;212;198;191m_[38;2;199;186;179m_[38;2;150;140;136m_  [38;2;147;129;131mz[38;2;109;54;60my[38;2;166;136;131m$[38;2;194;176;166m@[38;2;207;196;183m@[38;2;247;239;225m@[38;2;209;203;188m@[38;2;226;217;204m@[38;2;249;243;230m@[38;2;244;224;214m@[38;2;116;76;66mF[38;2;97;14;21m:[38;2;156;128;130m$           [39m
 [38;2;0;0;0m       [38;2;122;110;107mz[38;2;166;135;133mf[38;2;118;34;54mg[38;2;142;45;73mg[38;2;142;49;82m@[38;2;146;51;93m@[38;2;146;51;89m@[38;2;143;53;91m@[38;2;149;53;94m@[38;2;151;50;93m@[38;2;149;52;91m@[38;2;149;51;91m@[38;2;149;52;91m@[38;2;131;43;67mL[38;2;105;25;38m`[38;2;144;52;83m@[38;2;148;51;92m@@[38;2;146;51;90m@[38;2;148;53;92m@[38;2;148;53;89m@[38;2;137;53;83m@[38;2;135;56;82m$[38;2;134;60;82m@[38;2;131;56;76m@[38;2;121;54;65m@[38;2;133;75;79m@[38;2;121;61;68m@[38;2;128;67;79m@[38;2;130;68;80m@[38;2;125;63;76m@[38;2;120;58;71m@[38;2;137;81;87mB[38;2;123;72;72m@[38;2;149;101;97m@[38;2;248;217;204m@[38;2;227;204;188m@[38;2;198;170;159m$[38;2;183;149;139mg[38;2;154;116;108mZ[38;2;146;114;104mB[38;2;185;166;155mR[38;2;143;84;87mP[38;2;84;16;12m'[38;2;138;92;95my[38;2;131;118;120m^           [39m
 [38;2;0;0;0m       [38;2;127;96;95m$[38;2;106;41;49mT[38;2;152;50;84m@[38;2;155;48;90m@[38;2;150;53;91m@@[38;2;149;52;90m@@[38;2;150;54;91m@[38;2;151;54;92m@[38;2;151;51;91m@[38;2;151;50;93m@[38;2;149;49;93m@[38;2;137;49;71m@[38;2;89;13;20m`[38;2;141;48;80m@[38;2;148;52;94m@[38;2;148;52;92m@[38;2;149;53;90m@@[38;2;150;52;90m@[38;2;150;51;90m@[38;2;147;52;92m@[38;2;148;53;93m@[38;2;152;56;96m@[38;2;148;60;88m@[38;2;117;42;51mM[38;2;138;60;80m@[38;2;158;72;107m@[38;2;166;77;113m@[38;2;169;78;115m@[38;2;162;73;111m@[38;2;158;69;102m@[38;2;142;52;82m$[38;2;138;40;72mg[38;2;120;37;57my[38;2;156;115;110mF[38;2;177;146;135mP[38;2;167;130;120m#[38;2;196;165;153mR[38;2;226;186;172m@[38;2;161;95;88mB[38;2;88;12;19m`[38;2;81;21;20m'[38;2;162;137;135mF            [39m
 [38;2;0;0;0m       [38;2;118;102;100m?[38;2;103;68;65m;[38;2;133;34;56m4[38;2;148;50;85m@[38;2;151;50;95m@[38;2;151;50;94m@[38;2;153;51;95m@[38;2;152;52;96m@[38;2;151;53;95m@[38;2;149;53;93m@[38;2;149;51;91m@[38;2;150;52;93m@[38;2;149;51;93m@[38;2;144;52;84m@[38;2;120;37;61m_[38;2;136;43;81m@[38;2;148;50;95m@[38;2;150;50;95m@[38;2;152;51;94m@[38;2;151;52;94m@[38;2;148;52;92m@[38;2;147;53;91m@[38;2;148;52;90m@[38;2;147;52;90m@[38;2;151;54;92m@[38;2;143;52;78m@[38;2;114;31;51mD[38;2;150;60;94m@[38;2;150;54;95m@[38;2;152;52;94m@[38;2;153;52;94m@[38;2;151;53;91m@[38;2;150;53;91m@[38;2;150;51;93m@[38;2;151;52;93m@[38;2;127;38;63mB[38;2;93;9;20m:[38;2;139;53;84mg[38;2;136;50;81m$[38;2;135;48;83mg[38;2;132;42;71my[38;2;128;37;57m_[38;2;91;10;19m:[38;2;147;106;103m4[38;2;145;125;122mL            [39m
 [38;2;0;0;0m        [38;2;142;126;120m~[38;2;107;70;68my[38;2;125;35;59m4[38;2;134;48;74m@[38;2;126;42;65mM[38;2;122;43;62mM[38;2;125;41;64mF[38;2;128;42;64mT[38;2;124;38;57mT[38;2;122;37;53mT[38;2;121;36;53mT[38;2;121;35;52mT[38;2;116;35;46mT[38;2;115;34;47mT[38;2;122;41;53mT[38;2;120;36;55mT[38;2;124;37;57mT[38;2;126;37;57mT[38;2;127;40;60mT[38;2;129;37;61mF[38;2;133;36;66mF[38;2;125;34;62m#[38;2;130;39;67m#[38;2;136;44;71m#[38;2;126;40;60m$[38;2;123;39;60m@[38;2;142;50;83m@[38;2;150;52;90m@[38;2;154;53;92m@[38;2;155;51;92m@[38;2;153;49;90m@[38;2;153;50;90m@[38;2;150;51;89m@[38;2;132;45;79m@[38;2;96;9;34m'[38;2;138;43;68mg[38;2;151;54;92m@[38;2;148;51;94m@[38;2;147;51;89m@[38;2;151;50;92m@[38;2;151;48;91m@[38;2;141;47;80m@[38;2;130;48;70mg[38;2;122;28;54m_[38;2;135;106;100m7[38;2;127;100;97m$ [38;2;89;80;81m         [39m
 [38;2;0;0;0m         [38;2;144;134;126m~[38;2;133;99;97ma[38;2;85;32;28m;[38;2;121;89;34m9[38;2;137;137;45m@[38;2;135;141;49m@[38;2;134;144;51m@[38;2;132;145;52m@[38;2;134;148;52m@[38;2;134;147;55m@[38;2;134;147;57m@[38;2;134;147;58m@[38;2;135;148;58m@[38;2;133;146;57m@[38;2;132;140;55m@[38;2;137;135;53m@[38;2;137;134;52m@[38;2;135;133;51m@[38;2;135;125;52m@[38;2;136;122;53m$[38;2;140;137;56mg[38;2;136;133;53mg[38;2;127;123;44mg[38;2;122;108;41mg[38;2;127;113;46my[38;2;117;99;38my[38;2;103;78;27my[38;2;125;103;47m_[38;2;126;41;58m~[38;2;123;32;55mT[38;2;129;35;65mF[38;2;129;41;67m#[38;2;117;30;50m~[38;2;131;32;57mg[38;2;152;49;87m@[38;2;149;51;91m@[38;2;150;52;92m@[38;2;148;51;92m@[38;2;150;51;92m@[38;2;150;47;88m@[38;2;136;39;81m@[38;2;122;36;73m@[38;2;117;30;70m@[38;2;115;31;46mm[38;2;82;18;27m:[38;2;135;117;119m$         [39m
 [38;2;0;0;0m           [38;2;157;126;125mL[38;2;96;70;24m4[38;2;140;144;55m@[38;2;135;148;53m@[38;2;137;149;52m@[38;2;134;152;50m@[38;2;134;153;50m@[38;2;134;152;50m@[38;2;134;152;51m@[38;2;134;153;51m@@[38;2;134;152;51m@[38;2;136;151;50m@[38;2;134;152;49m@@[38;2;133;153;48m@[38;2;134;152;50m@[38;2;134;152;51m@[38;2;136;151;51m@@[38;2;136;151;49m@[38;2;133;154;47m@[38;2;131;152;46m@@[38;2;132;151;45m@[38;2;139;148;49m@[38;2;142;146;52m@[38;2;137;137;50m@[38;2;132;129;51m$[38;2;120;125;48mg[38;2;120;115;46my[38;2;105;73;37my[38;2;115;35;55m7[38;2;121;36;59m5[38;2;139;49;84m@[38;2;136;44;89m@[38;2;122;35;84m@[38;2;112;32;75m@[38;2;109;33;68m@[38;2;107;38;64m@[38;2;107;35;71m~[38;2;125;87;92my[38;2;161;134;133mF          [39m
 [38;2;0;0;0m           [38;2;135;110;110m$[38;2;77;23;5m:[38;2;138;133;56m@[38;2;135;149;55m@[38;2;138;149;51m@[38;2;135;152;47m@[38;2;135;152;48m@@@@@@[38;2;135;152;51m@@@@@[38;2;135;152;50m@[38;2;134;153;48m@@@[38;2;135;152;50m@@@@@@[38;2;135;152;48m@[38;2;134;153;49m@[38;2;133;152;53m@[38;2;136;151;48m@[38;2;139;143;54m@[38;2;131;124;57m@[38;2;96;80;30mg[38;2;108;91;42m_[38;2;116;22;53m~[38;2;105;27;56mT[38;2;109;33;60mR[38;2;109;28;52mB[38;2;97;28;41m`[38;2;144;104;109ms[38;2;207;189;190m`           [39m
 [38;2;0;0;0m           [38;2;127;109;110m4[38;2;76;14;14m:[38;2;118;97;44m@[38;2;132;149;49m@[38;2;134;151;48m@[38;2;135;152;48m@[38;2;135;152;47m@@@@@@@@@@@@@@[38;2;135;152;48m@[38;2;136;151;50m@@[38;2;136;151;49m@[38;2;135;152;47m@[38;2;133;153;47m@[38;2;131;154;47m@[38;2;132;153;45m@[38;2;133;151;47m@[38;2;132;147;52m@[38;2;121;132;43m@[38;2;106;109;37m@[38;2;101;98;34m@[38;2;98;102;25m@[38;2;95;104;28m@[38;2;97;98;34m@[38;2;111;80;40ms[38;2;87;10;21m`[38;2;127;92;86mz[38;2;142;114;117mF [38;2;98;89;92m            [39m
 [38;2;0;0;0m            [38;2;145;94;98mw[38;2;106;79;36m4[38;2;135;146;52m@[38;2;134;152;47m@[38;2;136;151;50m@[38;2;135;151;51m@@@@@@@@@@@@@@[38;2;135;152;50m@[38;2;134;152;48m@@[38;2;133;152;46m@[38;2;134;152;45m@[38;2;134;153;49m@[38;2;134;151;51m@[38;2;134;141;50m@[38;2;117;121;38m@[38;2;98;105;30m@[38;2;97;103;34m@[38;2;97;103;39m@[38;2;98;101;43m@[38;2;94;101;41m@[38;2;94;103;37m@[38;2;102;92;40m@[38;2;86;56;20m~[38;2;128;102;97ms               [39m
 [38;2;0;0;0m            [38;2;164;128;131m$[38;2;70;31;4m`[38;2;143;137;63m@[38;2;141;148;55m@[38;2;139;148;52m@[38;2;140;148;57m@[38;2;138;147;55m@[38;2;134;144;52m@[38;2;135;145;53m@[38;2;138;147;55m@[38;2;140;149;57m@[38;2;138;149;55m@[38;2;137;148;54m@[38;2;138;149;56m@[38;2;137;149;55m@[38;2;138;149;56m@[38;2;137;148;56m@[38;2;138;147;55m@[38;2;132;142;51m@[38;2;130;136;49m@[38;2;138;131;57m@[38;2;138;130;56m@[38;2;138;129;55m@[38;2;130;124;49mR[38;2;118;100;45m#[38;2;106;90;40mM[38;2;95;79;37mF[38;2;99;75;36mM[38;2;106;86;33m#[38;2;104;83;35mA[38;2;101;78;37m#[38;2;95;75;35m#[38;2;101;77;33m#[38;2;109;70;37m#[38;2;90;49;22m~[38;2;137;86;92ma[38;2;145;123;126m@[38;2;173;166;167ma[38;2;204;195;204m@[38;2;167;152;166m@[38;2;159;150;159m$[38;2;170;163;168mg          [39m
 [38;2;0;0;0m  [38;2;140;146;145m=[38;2;214;224;226m=[38;2;216;225;230m=[38;2;214;222;230m=[38;2;217;220;230m=[38;2;180;179;187m#[38;2;182;172;178m#[38;2;113;97;100m@[38;2;123;98;99m@[38;2;138;112;114m@[38;2;138;106;108m@[38;2;172;147;152mg[38;2;177;158;161mg[38;2;179;164;168mg[38;2;180;168;172mg[38;2;176;164;166mg[38;2;182;167;173mg[38;2;178;155;157m$[38;2;210;181;194ma[38;2;180;151;160ma[38;2;141;113;119ma[38;2;110;82;85ma[38;2;150;119;125ma[38;2;169;138;142ma[38;2;186;160;164mg[38;2;182;161;167mg[38;2;178;160;166mg[38;2;137;114;114m$[38;2;182;165;174mg[38;2;184;161;167m$[38;2;176;158;161m$[38;2;187;173;178ms[38;2;207;187;189m=[38;2;225;213;212m=[38;2;165;156;160mP[38;2;166;154;155mF[38;2;161;152;153mF[38;2;161;154;155m#[38;2;220;209;211m=[38;2;220;204;208m=[38;2;181;164;167m#[38;2;188;169;171mP[38;2;218;213;214m=[38;2;221;217;217m=[38;2;223;219;218m=[38;2;229;221;219m=[38;2;218;196;199m=[38;2;190;163;166m=[38;2;197;174;176m=[38;2;207;183;188m=[38;2;156;136;142mR[38;2;153;141;145mR[38;2;107;102;104mK         [39m
[38;2;146;127;133mg[38;2;139;120;127mg[38;2;143;124;130mg[38;2;128;117;121my[38;2;159;159;159my [38;2;90;90;90m      [38;2;139;143;140m`[38;2;163;171;167m`[38;2;221;233;240m`[38;2;139;141;144m`                                           [38;2;176;175;176m4[38;2;139;139;139m*[38;2;151;151;151m=   [39m
[38;2;167;156;160m`[38;2;166;155;159m`[38;2;145;134;138m`[38;2;117;112;113m~[38;2;163;163;163m`  [38;2;128;125;127mR[38;2;124;122;122mF                                            [38;2;115;115;115mf[38;2;180;180;180m=[38;2;151;151;151m=[38;2;162;164;163m= [38;2;106;107;107m       [39m
 [38;2;0;0;0m               [38;2;184;184;184m_[38;2;177;177;177m_[38;2;184;182;183m_                                              [39m
[?25h