[0m[38;2;255;255;255m    [38;2;109;103;106m:[38;2;103;50;64m'[38;2;204;181;180mO[38;2;251;250;245mM[38;2;253;254;250mM[38;2;254;255;250mM[38;2;254;255;250mM[38;2;254;255;250mM[38;2;253;252;251mM[38;2;250;251;252mM[38;2;244;246;239mW[38;2;194;169;169mk[38;2;105;52;55m'[38;2;131;86;90m:[38;2;183;174;175mk[38;2;255;255;255m                                              [0m
[0m[38;2;255;255;255m    [38;2;158;130;130mo[38;2;94;41;46m.[38;2;236;220;217mX[38;2;252;250;245mM[38;2;254;252;249mM[38;2;254;255;250mM[38;2;254;255;250mM[38;2;254;255;250mM[38;2;253;252;251mM[38;2;250;250;252mM[38;2;248;251;244mM[38;2;250;249;238mW[38;2;221;204;191mK[38;2;149;109;107mc[38;2;140;104;107mc[38;2;212;200;202mK[38;2;42;42;42m.[38;2;255;255;255m                                            [0m
[0m[38;2;255;255;255m   [38;2;50;49;49m.[38;2;102;59;55m'[38;2;129;92;88m:[38;2;250;244;238mW[38;2;249;249;248mW[38;2;252;251;247mM[38;2;253;253;249mM[38;2;253;253;249mM[38;2;253;253;249mM[38;2;252;253;247mM[38;2;252;253;247mM[38;2;250;251;245mM[38;2;249;251;243mM[38;2;245;251;238mW[38;2;245;244;231mW[38;2;199;180;175mO[38;2;173;146;147md[38;2;204;191;190m0[38;2;100;100;99m:[38;2;255;255;255m                                           [0m
[0m[38;2;255;255;255m   [38;2;129;123;125ml[38;2;77;27;24m.[38;2;190;165;157mk[38;2;252;247;239mW[38;2;249;252;250mM[38;2;251;252;242mM[38;2;250;253;240mM[38;2;250;253;240mM[38;2;250;253;240mM[38;2;253;250;235mW[38;2;253;250;235mW[38;2;253;250;234mW[38;2;252;249;235mW[38;2;249;250;236mW[38;2;249;250;238mW[38;2;251;248;236mW[38;2;238;227;220mN[38;2;194;175;172mO[38;2;196;176;179mO[38;2;196;193;193m0[38;2;255;255;255m                                          [0m
[0m[38;2;255;255;255m   [38;2;135;113;115mc[38;2;82;29;26m.[38;2;231;215;201mX[38;2;249;248;230mW[38;2;253;246;230mW[38;2;253;247;229mW[38;2;252;248;230mW[38;2;251;247;229mW[38;2;251;246;228mW[38;2;252;244;223mW[38;2;251;243;222mW[38;2;250;242;221mW[38;2;253;243;220mW[38;2;253;244;224mW[38;2;253;247;229mW[38;2;251;249;234mW[38;2;249;248;236mW[38;2;238;229;222mN[38;2;187;165;162mk[38;2;180;155;158mx[38;2;122;120;120ml[38;2;255;255;255m                                         [0m
[0m[38;2;255;255;255m   [38;2;130;88;91m:[38;2;109;60;51m'[38;2;250;236;213mN[38;2;248;245;220mW[38;2;251;243;216mW[38;2;252;240;213mW[38;2;252;241;212mW[38;2;252;241;212mW[38;2;252;241;211mW[38;2;252;239;206mW[38;2;250;237;204mN[38;2;250;237;204mN[38;2;252;238;203mW[38;2;251;237;205mN[38;2;253;238;209mW[38;2;253;242;215mW[38;2;251;244;220mW[38;2;249;246;226mW[38;2;238;223;208mX[38;2;159;125;122mo[38;2;178;159;156mx[38;2;50;50;50m.[38;2;255;255;255m   [38;2;83;83;83m,[38;2;219;210;212mK[38;2;236;232;234mN[38;2;127;127;127ml[38;2;255;255;255m                                 [0m
[0m[38;2;255;255;255m  [38;2;51;51;51m.[38;2;106;57;55m'[38;2;135;86;74m:[38;2;251;232;211mN[38;2;250;239;208mW[38;2;252;237;205mW[38;2;254;237;203mW[38;2;253;237;201mW[38;2;252;236;200mN[38;2;252;236;199mN[38;2;253;236;197mN[38;2;252;236;196mN[38;2;253;236;196mN[38;2;254;235;196mN[38;2;254;234;196mN[38;2;254;235;197mN[38;2;253;235;196mN[38;2;253;238;201mW[38;2;248;241;206mW[38;2;252;240;213mW[38;2;236;209;192mX[38;2;136;106;95mc[38;2;190;168;165mk[38;2;125;123;124ml[38;2;255;255;255m [38;2;101;101;101m:[38;2;178;147;150mx[38;2;93;31;36m.[38;2;106;45;51m'[38;2;147;104;107mc[38;2;223;210;207mK[38;2;42;42;42m.[38;2;255;255;255m                               [0m
[0m[38;2;255;255;255m  [38;2;50;49;49m.[38;2;99;47;46m.[38;2;151;103;87mc[38;2;253;231;202mN[38;2;251;237;201mN[38;2;252;236;197mN[38;2;253;235;196mN[38;2;251;235;199mN[38;2;251;235;199mN[38;2;251;235;199mN[38;2;253;235;197mNN[38;2;253;235;197mN[38;2;255;234;197mNN[38;2;255;234;197mN[38;2;253;235;195mN[38;2;255;234;197mN[38;2;253;236;199mN[38;2;254;237;203mW[38;2;252;234;206mN[38;2;234;211;190mX[38;2;168;134;121mo[38;2;150;117;118ml[38;2;233;222;221mX[38;2;155;127;126mo[38;2;116;63;59m,[38;2;136;61;56m,[38;2;158;67;68m;[38;2;138;52;54m,[38;2;110;51;47m'[38;2;193;174;171mk[38;2;255;255;255m                               [0m
[0m[38;2;255;255;255m  [38;2;251;251;251m [38;2;101;50;53m'[38;2;146;98;84mc[38;2;253;228;200mN[38;2;252;234;194mN[38;2;253;236;191mN[38;2;253;235;195mN[38;2;253;235;196mN[38;2;253;235;196mN[38;2;253;235;196mN[38;2;253;235;197mN[38;2;253;235;197mN[38;2;253;235;197mN[38;2;255;234;197mNN[38;2;255;234;197mN[38;2;253;235;197mN[38;2;253;235;197mN[38;2;251;234;196mN[38;2;250;234;197mN[38;2;249;233;199mN[38;2;251;234;203mN[38;2;248;229;200mN[38;2;148;112;98mc[38;2;120;63;64m,[38;2;135;93;95m:[38;2;226;209;200mK[38;2;191;171;161mk[38;2;162;121;116ml[38;2;147;90;87m:[38;2;116;52;50m'[38;2;119;73;73m,[38;2;255;255;255m               [38;2;151;150;150md[38;2;205;187;189m0[38;2;167;141;142md[38;2;219;206;205mK[38;2;51;51;51m.[38;2;255;255;255m           [0m
[0m[38;2;255;255;255m   [38;2;115;70;72m,[38;2;119;67;56m,[38;2;251;221;196mN[38;2;254;232;196mN[38;2;255;236;192mN[38;2;254;233;193mN[38;2;252;233;194mN[38;2;254;234;196mN[38;2;254;234;196mN[38;2;255;234;197mN[38;2;255;234;197mN[38;2;255;234;197mN[38;2;255;234;197mNN[38;2;255;234;197mN[38;2;253;235;197mN[38;2;253;235;197mN[38;2;252;235;197mN[38;2;251;235;197mN[38;2;249;233;197mN[38;2;250;234;199mN[38;2;240;216;186mX[38;2;127;83;68m;[38;2;131;91;84m:[38;2;239;225;218mN[38;2;252;249;241mW[38;2;252;249;237mW[38;2;247;250;231mW[38;2;239;224;209mN[38;2;93;42;36m.[38;2;125;75;79m;[38;2;255;255;255m              [38;2;194;190;190m0[38;2;168;137;134md[38;2;143;93;89m:[38;2;145;80;76m:[38;2;127;66;62m,[38;2;172;143;142md[38;2;148;145;145md[38;2;255;255;255m          [0m
[0m[38;2;255;255;255m   [38;2;131;103;106mc[38;2;91;34;30m.[38;2;231;189;171m0[38;2;253;228;195mN[38;2;254;234;193mN[38;2;253;231;191mN[38;2;245;221;185mX[38;2;252;229;193mN[38;2;255;232;196mN[38;2;255;234;197mN[38;2;255;234;197mN[38;2;255;234;197mNNN[38;2;255;234;197mN[38;2;253;235;196mN[38;2;253;235;196mN[38;2;253;235;195mN[38;2;251;236;195mN[38;2;249;234;197mN[38;2;248;225;194mN[38;2;146;100;83mc[38;2;89;41;34m.[38;2;223;210;196mK[38;2;252;251;239mM[38;2;253;249;242mM[38;2;250;251;237mW[38;2;247;250;232mW[38;2;186;161;149mx[38;2;79;15;15m.[38;2;104;79;81m,[38;2;255;255;255m             [38;2;162;158;158mx[38;2;153;125;125mo[38;2;148;101;98mc[38;2;169;108;103ml[38;2;179;107;102ml[38;2;171;95;91mc[38;2;119;53;52m'[38;2;142;107;102mc[38;2;42;42;42m.[38;2;255;255;255m         [0m
[0m[38;2;255;255;255m   [38;2;45;42;42m.[38;2;83;22;27m.[38;2;190;135;128md[38;2;245;207;185mX[38;2;253;229;196mN[38;2;252;229;191mN[38;2;248;224;188mN[38;2;243;219;183mX[38;2;254;232;196mN[38;2;255;234;197mN[38;2;255;234;197mN[38;2;255;234;197mNNN[38;2;255;234;196mN[38;2;253;236;193mNN[38;2;252;236;193mN[38;2;249;238;194mN[38;2;251;231;196mN[38;2;178;139;115md[38;2;81;34;20m.[38;2;194;172;162mk[38;2;245;250;231mW[38;2;247;253;236mM[38;2;254;252;245mM[38;2;249;252;239mM[38;2;249;245;231mW[38;2;125;83;78m;[38;2;85;20;22m.[38;2;70;64;64m'[38;2;255;255;255m            [38;2;150;148;147md[38;2;162;131;130mo[38;2;151;126;118ml[38;2;234;224;213mN[38;2;217;204;193mK[38;2;183;151;142mx[38;2;161;111;105ml[38;2;133;78;74m;[38;2;90;45;43m.[38;2;116;109;109mc[38;2;255;255;255m         [0m
[0m[38;2;255;255;255m   [38;2;252;252;252m [38;2;106;63;65m,[38;2;129;66;66m,[38;2;230;178;165m0[38;2;246;208;189mX[38;2;243;208;187mX[38;2;238;204;180mK[38;2;233;208;178mK[38;2;246;227;193mN[38;2;254;233;196mN[38;2;255;234;197mN[38;2;255;234;197mNNN[38;2;255;234;197mN[38;2;254;234;196mN[38;2;254;234;197mN[38;2;248;235;194mN[38;2;250;234;195mN[38;2;200;163;139mk[38;2;85;36;23m.[38;2;181;153;141mx[38;2;247;248;236mW[38;2;249;253;238mM[38;2;250;254;239mM[38;2;251;253;240mM[38;2;249;251;236mW[38;2;221;204;188mK[38;2;85;32;30m.[38;2;68;57;58m.[38;2;252;252;252m [38;2;255;255;255m           [38;2;99;98;97m;[38;2;144;112;108mc[38;2;119;77;77m;[38;2;235;221;214mX[38;2;249;251;236mW[38;2;251;253;236mM[38;2;252;251;237mM[38;2;251;248;232mW[38;2;181;146;134md[38;2;78;25;24m.[38;2;74;69;69m'[38;2;255;255;255m         [0m
[0m[38;2;255;255;255m    [38;2;33;30;30m.[38;2;80;26;28m.[38;2;200;133;135md[38;2;231;176;172m0[38;2;233;180;177m0[38;2;236;183;177m0[38;2;242;199;185mK[38;2;239;204;183mK[38;2;248;226;189mN[38;2;253;232;194mN[38;2;254;234;195mN[38;2;253;235;195mN[38;2;254;235;195mN[38;2;255;234;196mN[38;2;254;234;196mN[38;2;255;233;195mN[38;2;249;233;197mN[38;2;217;180;158mO[38;2;94;37;29m.[38;2;154;121;113ml[38;2;249;245;234mW[38;2;248;252;240mM[38;2;251;252;238mM[38;2;251;252;239mM[38;2;249;251;237mW[38;2;246;243;228mW[38;2;131;94;83m:[38;2;109;62;59m,[38;2;249;249;249m [38;2;255;255;255m           [38;2;83;82;82m,[38;2;141;112;113mc[38;2;82;44;40m.[38;2;214;197;188m0[38;2;252;249;240mW[38;2;254;252;240mM[38;2;253;254;238mM[38;2;255;251;238mM[38;2;250;249;232mW[38;2;178;144;133md[38;2;75;24;24m.[38;2;77;72;72m'[38;2;255;255;255m         [0m
[0m[38;2;255;255;255m    [38;2;253;253;253m [38;2;87;64;65m'[38;2;118;51;52m'[38;2;231;167;162mO[38;2;233;175;173m0[38;2;230;174;173mO[38;2;231;177;174m0[38;2;235;182;177m0[38;2;238;196;181mK[38;2;241;207;183mX[38;2;253;228;194mN[38;2;250;235;192mN[38;2;253;235;193mN[38;2;255;233;193mN[38;2;254;233;193mN[38;2;255;234;193mN[38;2;239;208;181mK[38;2;99;53;40m'[38;2;120;78;72m;[38;2;237;221;213mX[38;2;244;240;228mW[38;2;250;244;233mW[38;2;250;246;234mW[38;2;249;248;234mW[38;2;247;248;231mW[38;2;200;177;163mO[38;2;76;22;15m.[38;2;116;96;96m:[38;2;255;255;255m           [38;2;101;101;101m:[38;2;155;130;130mo[38;2;83;43;44m.[38;2;210;192;184m0[38;2;249;249;235mW[38;2;249;252;238mM[38;2;250;253;237mM[38;2;250;253;236mM[38;2;251;251;235mM[38;2;249;244;226mW[38;2;129;80;77m;[38;2;123;81;81m;[38;2;251;251;251m [38;2;255;255;255m         [0m
[0m[38;2;255;255;255m     [38;2;241;241;241m [38;2;75;54;52m.[38;2;145;77;81m;[38;2;229;167;167mO[38;2;232;175;172m0[38;2;232;175;173m0[38;2;232;175;174m0[38;2;237;184;181m0[38;2;235;192;180mK[38;2;240;207;184mK[38;2;251;228;192mN[38;2;253;229;193mN[38;2;253;230;193mN[38;2;254;230;192mN[38;2;248;228;187mN[38;2;150;101;79mc[38;2;93;38;28m.[38;2;154;113;108ml[38;2;170;140;140md[38;2;184;159;156mx[38;2;191;173;165mk[38;2;200;187;175mO[38;2;214;206;193mK[38;2;222;206;193mK[38;2;109;58;52m'[38;2;85;16;14m.[38;2;159;123;126mo[38;2;51;51;51m.[38;2;255;255;255m         [38;2;51;51;51m.[38;2;180;155;159mx[38;2;90;45;50m.[38;2;213;192;184m0[38;2;252;248;234mW[38;2;251;254;237mM[38;2;254;254;238mM[38;2;252;253;237mM[38;2;248;254;235mM[38;2;249;251;233mW[38;2;212;185;176m0[38;2;85;21;25m.[38;2;110;95;94m;[38;2;255;255;255m          [0m
[0m[38;2;255;255;255m      [38;2;229;229;229m [38;2;89;48;53m'[38;2;147;79;80m:[38;2;229;172;169mO[38;2;233;174;176m0[38;2;238;171;180m0[38;2;232;176;175m0[38;2;227;178;171m0[38;2;232;191;179m0[38;2;233;198;181mK[38;2;243;212;189mX[38;2;235;209;181mK[38;2;246;228;196mN[38;2;205;169;143mk[38;2;90;41;27m.[38;2;212;178;168mO[38;2;248;226;213mN[38;2;237;211;202mX[38;2;215;187;177m0[38;2;191;161;150mk[38;2;176;139;129md[38;2;159;106;100mc[38;2;116;57;50m'[38;2;83;17;11m.[38;2;156;84;84m:[38;2;95;48;52m.[38;2;97;95;95m;[38;2;255;255;255m         [38;2;208;190;190m0[38;2;96;38;45m.[38;2;198;174;168mO[38;2;248;249;233mW[38;2;247;252;234mW[38;2;249;252;235mM[38;2;253;254;238mM[38;2;251;253;236mM[38;2;247;253;234mW[38;2;246;241;223mW[38;2;123;74;71m;[38;2;89;28;34m.[38;2;91;86;86m;[38;2;255;255;255m          [0m
[0m[38;2;255;255;255m       [38;2;232;232;232m [38;2;57;39;41m.[38;2;135;77;80m;[38;2;224;161;164mO[38;2;235;172;174mO[38;2;229;172;168mO[38;2;219;161;157mk[38;2;200;141;138mx[38;2;169;111;107ml[38;2;145;89;85m:[38;2;134;80;77m;[38;2;145;93;90m:[38;2;105;37;38m.[38;2;124;71;66m,[38;2;191;159;150mx[38;2;200;173;162mk[38;2;193;162;152mk[38;2;192;158;146mx[38;2;193;160;148mk[38;2;197;155;145mx[38;2;195;129;124md[38;2;104;34;28m.[38;2;112;47;38m'[38;2;226;157;157mk[38;2;110;63;65m,[38;2;94;91;91m;[38;2;255;255;255m        [38;2;121;117;117mc[38;2;111;61;67m,[38;2;175;140;138md[38;2;234;227;214mN[38;2;220;216;201mX[38;2;250;247;232mW[38;2;248;244;230mW[38;2;252;249;234mW[38;2;253;250;235mM[38;2;253;246;231mW[38;2;177;148;135md[38;2;87;17;19m.[38;2;125;81;84m;[38;2;251;251;251m [38;2;255;255;255m          [0m
[0m[38;2;255;255;255m        [38;2;100;100;99m:[38;2;169;141;139md[38;2;118;49;56m'[38;2;145;62;72m;[38;2;131;49;65m,[38;2;118;35;58m.[38;2;116;33;53m.[38;2;121;37;59m'[38;2;131;40;68m'[38;2;139;43;76m'[38;2;143;46;81m,[38;2;141;44;78m,[38;2;137;43;75m'[38;2;108;27;43m.[38;2;90;14;23m.[38;2;120;35;55m.[38;2;127;37;64m'[38;2;126;37;60m'[38;2;125;36;56m'[38;2;124;35;55m.[38;2;117;32;48m.[38;2;109;36;45m.[38;2;122;49;59m'[38;2;122;59;68m,[38;2;166;122;127mo[38;2;185;158;158mx[38;2;211;192;191m0[38;2;190;168;167mk[38;2;181;158;158mx[38;2;179;155;155mx[38;2;183;160;161mx[38;2;190;170;171mk[38;2;210;190;191m0[38;2;171;137;139md[38;2;132;79;81m;[38;2;187;150;144mx[38;2;168;139;129md[38;2;160;133;123mo[38;2;162;136;126mo[38;2;165;141;130md[38;2;196;178;165mO[38;2;236;229;216mN[38;2;193;151;149mx[38;2;91;29;24m.[38;2;91;20;23m.[38;2;43;39;39m.[38;2;255;255;255m           [0m
[0m[38;2;255;255;255m       [38;2;249;249;249m [38;2;117;97;96m:[38;2;96;40;47m.[38;2;138;47;75m,[38;2;151;49;84m,[38;2;150;53;92m,[38;2;151;53;96m;[38;2;149;52;94m,[38;2;148;53;95m,[38;2;151;53;96m;[38;2;153;52;95m;[38;2;151;51;92m,[38;2;151;51;93m,[38;2;150;51;93m,[38;2;131;44;66m'[38;2;92;14;21m.[38;2;139;48;78m,[38;2;149;53;97m,[38;2;148;52;95m,[38;2;147;52;94m,[38;2;148;53;95m,[38;2;150;52;94m,[38;2;148;52;92m,[38;2;146;56;94m;[38;2;149;63;97m;[38;2;150;60;94m;[38;2;145;57;81m,[38;2;116;42;49m'[38;2;130;53;68m,[38;2;155;72;100m:[38;2;160;75;103m:[38;2;158;72;102m:[38;2;148;63;91m;[38;2;134;52;73m,[38;2;116;43;55m'[38;2;120;54;59m'[38;2;158;112;106ml[38;2;210;184;169mO[38;2;232;211;196mX[38;2;220;193;180m0[38;2;199;170;158mk[38;2;173;138;125md[38;2;148;100;92mc[38;2;101;32;36m.[38;2;79;16;15m.[38;2;96;71;70m,[38;2;253;253;253m [38;2;255;255;255m           [0m
[0m[38;2;255;255;255m        [38;2;40;36;36m.[38;2;87;23;30m.[38;2;145;41;69m'[38;2;153;49;89m,[38;2;151;52;92m,[38;2;150;52;92m,[38;2;151;52;92m,[38;2;151;53;92m,[38;2;151;54;93m;[38;2;152;54;93m;[38;2;152;51;92m,[38;2;152;51;94m,[38;2;150;49;94m,[38;2;143;51;78m,[38;2;101;13;28m.[38;2;135;41;74m'[38;2;150;50;95m,[38;2;151;51;93m,[38;2;152;52;92m,[38;2;153;53;93m;[38;2;151;53;92m,[38;2;150;52;91m,[38;2;150;52;93m,[38;2;149;52;93m,[38;2;152;55;96m;[38;2;143;55;82m,[38;2;112;32;47m.[38;2;139;54;81m,[38;2;152;62;100m;[38;2;157;63;103m;[38;2;161;65;105m;[38;2;157;64;103m;[38;2;156;63;100m;[38;2;153;57;96m;[38;2;150;48;88m,[38;2;131;42;66m'[38;2;94;21;32m.[38;2;102;30;40m.[38;2;109;38;48m.[38;2;116;46;56m'[38;2;137;71;73m;[38;2;116;46;42m'[38;2;90;13;15m.[38;2;95;42;39m.[38;2;77;74;73m'[38;2;255;255;255m            [0m
[0m[38;2;255;255;255m        [38;2;254;254;254m [38;2;51;42;41m.[38;2;91;21;31m.[38;2;135;42;69m'[38;2;149;51;88m,[38;2;145;48;85m,[38;2;146;50;86m,[38;2;142;48;84m,[38;2;140;47;80m,[38;2;137;45;75m,[38;2;135;43;72m'[38;2;135;42;72m'[38;2;134;42;71m'[38;2;130;42;65m'[38;2;115;28;49m.[38;2;125;38;63m'[38;2;132;42;73m'[38;2;136;42;74m'[38;2;138;43;76m,[38;2;138;46;77m,[38;2;141;47;80m,[38;2;143;48;82m,[38;2;145;50;83m,[38;2;146;51;85m,[38;2;149;53;87m,[38;2;137;46;72m,[38;2;114;31;54m.[38;2;147;58;92m;[38;2;152;53;95m;[38;2;154;52;95m;[38;2;156;51;94m;[38;2;154;50;91m,[38;2;154;50;91m,[38;2;151;49;90m,[38;2;144;51;90m,[38;2;108;20;46m.[38;2;108;18;37m.[38;2;144;53;88m,[38;2;145;53;95m,[38;2;144;53;91m,[38;2;142;47;84m,[38;2;132;37;64m'[38;2;116;27;48m.[38;2;99;31;43m.[38;2;135;90;94m:[38;2;185;169;166mk[38;2;241;235;233mN[38;2;255;255;255m          [0m
[0m[38;2;255;255;255m         [38;2;251;251;251m [38;2;34;30;29m.[38;2;93;34;38m.[38;2;97;29;38m.[38;2;102;48;32m.[38;2;107;72;32m,[38;2;110;73;35m,[38;2;111;75;36m,[38;2;114;78;37m,[38;2;115;82;37m,[38;2;116;83;40m;[38;2;116;83;41m;[38;2;114;83;39m;[38;2;112;81;39m,[38;2;110;79;35m,[38;2;108;71;34m,[38;2;110;66;31m'[38;2;108;65;30m'[38;2;105;63;30m'[38;2;106;55;31m'[38;2;109;50;33m'[38;2;104;45;29m.[38;2;101;43;27m.[38;2;100;40;26m.[38;2;98;34;26m.[38;2;100;31;30m.[38;2;107;29;38m.[38;2;114;32;47m.[38;2;122;35;54m.[38;2;129;38;61m'[38;2;136;40;71m'[38;2;143;45;80m,[38;2;145;52;85m,[38;2;120;32;57m.[38;2;102;10;35m.[38;2;143;44;76m,[38;2;153;52;93m,[38;2;152;51;95m,[38;2;151;51;92m,[38;2;152;50;94m,[38;2;153;48;95m,[38;2;147;50;91m,[38;2;135;45;76m,[38;2;117;27;56m.[38;2;100;23;31m.[38;2;101;43;48m.[38;2;168;154;155md[38;2;255;255;255m         [0m
[0m[38;2;255;255;255m          [38;2;254;254;254m [38;2;226;226;226m [38;2;94;59;54m'[38;2;99;66;21m'[38;2;139;146;52mo[38;2;133;151;49mo[38;2;134;152;47mo[38;2;133;153;44mo[38;2;133;153;44mo[38;2;133;153;45mo[38;2;133;153;48mo[38;2;134;153;48mo[38;2;134;154;49mo[38;2;134;153;48mo[38;2;134;153;48mo[38;2;134;153;48mo[38;2;135;152;47mo[38;2;134;153;46mo[38;2;136;151;50mo[38;2;137;149;53mo[38;2;139;148;52mo[38;2;139;149;53mo[38;2;138;148;52mo[38;2;136;143;52ml[38;2;132;135;48ml[38;2;126;127;43mc[38;2;118;115;36m:[38;2;119;102;37m:[38;2;114;86;34m;[38;2;111;69;34m,[38;2;104;54;29m'[38;2;94;41;24m.[38;2;88;24;12m.[38;2;103;23;32m.[38;2;130;38;68m'[38;2;140;49;81m,[38;2;146;54;93m,[38;2;144;52;96m,[38;2;140;46;91m,[38;2;132;38;79m'[38;2;120;33;71m.[38;2;113;37;71m.[38;2;109;32;67m.[38;2;93;23;34m.[38;2;73;46;48m.[38;2;221;221;221m [38;2;255;255;255m         [0m
[0m[38;2;255;255;255m            [38;2;108;89;87m;[38;2;77;38;6m.[38;2;141;141;53ml[38;2;138;149;53mo[38;2;139;150;52mo[38;2;134;154;51mo[38;2;134;154;51moo[38;2;134;154;51mo[38;2;134;154;50mo[38;2;134;154;50mo[38;2;135;154;50mo[38;2;136;153;51mooooo[38;2;136;153;51mo[38;2;136;152;51moo[38;2;136;153;50mo[38;2;134;154;48mo[38;2;134;154;47mo[38;2;134;154;47mo[38;2;134;154;47mo[38;2;136;152;47mo[38;2;138;152;48mo[38;2;136;152;47mo[38;2;134;154;51mo[38;2;130;150;55ml[38;2;130;137;49ml[38;2;126;112;47m:[38;2;110;74;38m,[38;2;89;30;17m.[38;2;104;27;37m.[38;2;115;27;57m.[38;2;112;30;69m.[38;2;110;34;72m.[38;2;112;32;64m.[38;2;98;28;46m.[38;2;90;30;39m.[38;2;153;153;153m [38;2;245;245;245m [38;2;255;255;255m          [0m
[0m[38;2;255;255;255m            [38;2;71;65;65m'[38;2;78;23;12m.[38;2;124;111;48m:[38;2;134;150;52mo[38;2;137;152;49mo[38;2;136;153;48mo[38;2;136;153;47moo[38;2;136;153;47mo[38;2;136;153;48mo[38;2;136;153;48mo[38;2;136;153;48mo[38;2;136;153;48mo[38;2;136;153;48mo[38;2;136;153;48mo[38;2;136;153;48mo[38;2;136;153;48mo[38;2;136;153;48mo[38;2;135;154;47mo[38;2;135;153;47mo[38;2;136;153;47mo[38;2;136;153;49mo[38;2;136;153;49mo[38;2;136;153;49mo[38;2;137;152;48mo[38;2;136;153;48mo[38;2;134;154;49mo[38;2;135;153;49mo[38;2;137;152;49mo[38;2;137;149;52mo[38;2;137;149;49mo[38;2;124;131;45mc[38;2;111;114;41m:[38;2;100;99;31m;[38;2;96;84;29m,[38;2;92;62;25m'[38;2;93;39;25m.[38;2;92;22;27m.[38;2;91;25;34m.[38;2;70;42;47m.[38;2;204;204;204m [38;2;255;255;255m            [0m
[0m[38;2;255;255;255m            [38;2;41;40;40m.[38;2;106;48;50m'[38;2;107;77;34m,[38;2;133;149;49ml[38;2;135;152;47mo[38;2;136;153;49mo[38;2;136;153;49moooooooooooooo[38;2;136;153;49mo[38;2;137;152;51moo[38;2;137;152;50mo[38;2;135;154;46mo[38;2;134;154;47mo[38;2;133;153;47mo[38;2;135;150;47mo[38;2;131;143;48ml[38;2;116;126;43mc[38;2;102;109;33m;[38;2;99;104;37m;[38;2;102;99;41m;[38;2;100;101;35m;[38;2;93;106;31m;[38;2;97;103;37m;[38;2;92;64;26m'[38;2;82;35;26m.[38;2;33;30;29m.[38;2;250;250;250m [38;2;255;255;255m             [0m
[0m[38;2;255;255;255m            [38;2;255;255;255m [38;2;130;92;96m:[38;2;87;50;19m.[38;2;140;145;56mo[38;2;136;153;49mo[38;2;137;152;51mo[38;2;136;152;53mo[38;2;136;152;53mo[38;2;136;152;53moo[38;2;136;152;53mo[38;2;136;152;53mooooooo[38;2;135;151;52mo[38;2;135;151;52mo[38;2;136;151;52mo[38;2;137;151;52mo[38;2;136;151;51mo[38;2;137;151;51mo[38;2;138;151;52mo[38;2;136;147;57ml[38;2;128;138;56ml[38;2;115;116;48m:[38;2;105;100;37m;[38;2;102;101;34m;[38;2;103;100;38m;[38;2;103;99;43m;[38;2;101;99;47m;[38;2;98;100;43m;[38;2;105;96;42m;[38;2;98;65;31m'[38;2;83;36;26m.[38;2;77;67;66m'[38;2;167;167;167mk[38;2;238;240;242mW[38;2;244;242;246mW[38;2;245;244;246mW[38;2;202;202;202mK[38;2;255;255;255m          [0m
[0m[38;2;255;255;255m   [38;2;150;151;151md[38;2;246;248;248mW[38;2;249;250;251mM[38;2;246;248;250mW[38;2;246;247;250mW[38;2;245;245;248mW[38;2;237;233;236mN[38;2;193;184;186mO[38;2;194;181;181mO[38;2;192;176;176mO[38;2;151;114;114ml[38;2;80;37;19m.[38;2;116;95;49m;[38;2;115;100;45m;[38;2;113;100;43m;[38;2;114;100;45m;[38;2;112;97;45m;[38;2;115;100;50m:[38;2;117;99;50m:[38;2;113;95;43m;[38;2;114;97;43m;[38;2;116;101;43m:[38;2;116;101;43m:[38;2;115;100;42m;[38;2;112;99;39m;[38;2;112;98;41m;[38;2;112;98;43m;[38;2;112;98;44m;[38;2;107;92;43m;[38;2;115;97;54m;[38;2;120;91;60m;[38;2;115;87;55m;[38;2;119;88;56m;[38;2;122;92;64m;[38;2;126;100;86m:[38;2;109;84;74m;[38;2;90;70;65m,[38;2;120;87;78m;[38;2;110;77;61m,[38;2;109;76;60m,[38;2;116;82;68m;[38;2;123;90;77m;[38;2;119;85;71m;[38;2;117;79;69m;[38;2;109;67;63m,[38;2;121;77;81m;[38;2;145;109;115mc[38;2;140;111;116mc[38;2;140;110;118mc[38;2;134;102;113mc[38;2;146;125;134ml[38;2;202;191;197m0[38;2;159;158;158md[38;2;255;255;255m         [0m
[0m[38;2;241;238;239mW[38;2;239;236;237mN[38;2;247;243;244mW[38;2;101;101;101m:[38;2;248;248;248m [38;2;247;247;247m [38;2;247;247;247m [38;2;247;247;247m [38;2;247;247;247m [38;2;242;242;242m [38;2;218;218;218m [38;2;208;208;208m [38;2;203;203;203m [38;2;203;203;203m [38;2;209;209;209m [38;2;217;217;217m [38;2;221;221;221m [38;2;224;224;224m [38;2;222;222;222m [38;2;223;223;223m [38;2;234;234;234m [38;2;236;236;236m [38;2;227;227;227m [38;2;224;224;224m [38;2;217;217;217m [38;2;214;214;214m [38;2;218;218;218m [38;2;222;222;222m [38;2;222;222;222m [38;2;221;221;221m [38;2;213;213;213m [38;2;219;219;219m [38;2;236;236;236m [38;2;237;237;237m [38;2;240;240;240m [38;2;245;245;245m [38;2;248;248;248m [38;2;250;250;250m [38;2;252;252;252m [38;2;253;253;253m [38;2;248;248;248m [38;2;247;247;247m [38;2;246;246;246m [38;2;247;247;247m [38;2;249;249;249m [38;2;249;249;249m [38;2;249;249;249m [38;2;250;250;250m [38;2;251;251;251m [38;2;250;250;250m [38;2;244;244;244m [38;2;245;245;245m [38;2;248;248;248m [38;2;231;231;231m [38;2;223;223;223m [38;2;236;236;236m [38;2;255;255;255m   [38;2;238;238;238mW[38;2;225;225;225mX[38;2;232;231;231mN[38;2;151;151;151md[38;2;255;255;255m  [0m
[0m[38;2;176;176;176m [38;2;171;171;171m [38;2;174;174;174m [38;2;191;191;191m [38;2;239;239;239m [38;2;252;252;252m [38;2;125;125;125ml[38;2;213;211;212mK[38;2;190;189;189mO[38;2;255;255;255m                                            [38;2;147;147;147md[38;2;226;226;226mN[38;2;228;228;228mN[38;2;236;237;236mN[38;2;199;199;199m0[38;2;255;255;255m [38;2;245;245;245m [38;2;231;231;231m [38;2;230;230;230m [38;2;251;251;251m [38;2;255;255;255m  [0m
[0m[38;2;255;255;255m      [38;2;252;252;252m [38;2;229;229;229m [38;2;245;245;245m [38;2;255;255;255m                                            [38;2;253;253;253m [38;2;245;245;245m [38;2;237;237;237m [38;2;234;234;234m [38;2;248;248;248m [38;2;255;255;255m       [0m
[0m[38;2;255;255;255m                [38;2;192;192;192m0[38;2;231;231;231mN[38;2;236;235;235mN[38;2;101;101;101m:[38;2;255;255;255m                                             [0m
